1286 5
 224      133      -5.87    9.58     0       
 224      133      -5.87    8.13     0       
 224      133      -5.87    10.9     0       
 224      133      -5.87    10.3     0       
 224      133      -5.87    9.03     0       
 224      133      -5.87    10.6     0       
 224      133      -5.87    7.9      0       
 224      133      -5.87    8.15     0       
 224      133      -5.87    8.61     0       
 224      133      -5.87    8.25     0       
 224      133      -5.87    8.71     0       
 224      133      -5.87    9.22     0       
 224      133      -5.87    9.67     0       
 224      133      -5.87    8.53     0       
 224      133      -5.87    9.42     0       
 242      126      1.6      10.1     0       
 242      126      1.6      9.72     0       
 242      126      1.6      9.88     0       
 242      126      1.6      10.6     0       
 242      126      1.6      10.4     0       
 242      126      1.6      10.3     0       
 242      126      1.6      9.86     0       
 242      126      1.6      11.5     0       
 242      126      1.6      9.79     0       
 242      126      1.6      10.6     0       
 242      126      1.6      10.7     0       
 242      126      1.6      10.6     0       
 242      126      1.6      12.9     0       
 242      126      1.6      12.1     0       
 242      126      1.6      11       0       
 242      126      1.6      10.6     0       
 242      126      1.6      9.71     0       
 242      126      1.6      9.72     0       
 242      126      1.6      6.91     0       
 237      124      -0.2     9.86     0       
 237      124      -0.2     9.41     0       
 237      124      -0.2     9.2      0       
 236      128      0.4      7.49     0       
 232      130      0.195    11.9     0       
 236      128      0.4      13.8     0       
 236      128      0.4      9.88     0       
 236      128      0.4      10.1     0       
 236      128      0.4      10.7     0       
 236      128      0.4      10.9     0       
 236      128      0.4      10.9     0       
 236      128      0.4      10.7     0       
 236      128      0.4      9.82     0       
 236      128      0.4      9.75     0       
 236      128      0.4      9.34     0       
 236      128      0.4      9.69     0       
 236      128      0.4      9.92     0       
 236      128      0.4      11.5     0       
 236      128      0.4      10.8     0       
 236      128      0.4      11.2     0       
 236      128      0.4      10.4     0       
 236      128      0.4      10.1     0       
 242      111      -0.244   11.8     0       
 242      111      -0.244   10.4     0       
 242      111      -0.244   12.4     0       
 242      111      -0.244   10.5     0       
 242      111      -0.244   9.81     0       
 242      111      -0.244   9.68     0       
 242      111      -0.244   10.4     0       
 242      111      -0.244   10.9     0       
 242      111      -0.244   10.6     0       
 242      111      -0.244   11.7     0       
 242      111      -0.244   11.7     0       
 242      111      -0.244   10.2     0       
 242      111      -0.244   11       0       
 242      111      -0.244   9.35     0       
 242      111      -0.244   8.72     0       
 224      135      -2.02    7.5      0       
 224      135      -2.02    7.4      0       
 224      135      -2.02    6.68     0       
 223      135      -2.12    2.23     0       
 224      135      -2.02    11.6     0       
 224      135      -2.02    10.3     0       
 224      135      -2.02    10.3     0       
 224      135      -2.02    10.9     0       
 224      135      -2.02    13       0       
 224      135      -2.02    12.4     0       
 224      135      -2.02    11.6     0       
 224      135      -2.02    10.6     0       
 224      135      -2.02    9.72     0       
 224      135      -2.02    10.2     0       
 224      135      -2.02    11       0       
 224      135      -2.02    10.6     0       
 224      135      -2.02    10.2     0       
 224      135      -2.02    10.4     0       
 224      135      -2.02    10.1     0       
 224      135      -2.02    10.4     0       
 224      135      -2.02    10.5     0       
 224      135      -2.02    7.83     0       
 224      135      -2.02    6.83     0       
 256      67.3     -26.7    1.41     0       
 196      156      4.38     42.2     0       
 196      156      4.38     40.3     0       
 196      156      4.38     30.3     0       
 254      64.6     -25.2    7.53     0       
 254      64.6     -25.2    6.72     0       
 254      64.6     -25.2    6.53     0       
 254      64.6     -25.2    7.15     0       
 254      64.6     -25.2    7.11     0       
 254      64.6     -25.2    6.53     0       
 254      64.6     -25.2    6.73     0       
 249      74       -21.5    8.53     0       
 249      74       -21.5    8.14     0       
 249      74       -21.5    8.04     0       
 249      74       -21.5    8.54     0       
 249      74       -21.5    9.63     0       
 249      74       -21.5    9.6      0       
 249      74       -21.5    9.11     0       
 249      74       -21.5    9.05     0       
 249      74       -21.5    7.74     0       
 249      74       -21.5    7.27     0       
 249      74       -21.5    7.82     0       
 249      74       -21.5    6.68     0       
 272      49.9     -37.3    1.23     0       
 212      118      -14.3    11.6     0       
 212      118      -14.3    11.4     0       
 212      118      -14.3    11.1     0       
 212      118      -14.3    10.6     0       
 212      118      -14.3    11.2     0       
 212      118      -14.3    10.2     0       
 212      118      -14.3    10.4     0       
 212      118      -14.3    11.1     0       
 212      118      -14.3    12.1     0       
 212      118      -14.3    9.96     0       
 212      118      -14.3    10.2     0       
 212      118      -14.3    9.29     0       
 212      118      -14.3    11.2     0       
 203      127      -12.9    11.1     0       
 203      127      -12.9    12.1     0       
 203      127      -12.9    11.5     0       
 202      128      -12.8    2.63     0       
 212      118      -14.3    7.59     0       
 212      118      -14.3    7.9      0       
 212      118      -14.3    6.38     0       
 212      118      -14.3    7.47     0       
 212      118      -14.3    7.78     0       
 204      128      -13      11.4     0       
 204      128      -13      14.6     0       
 204      128      -13      14.5     0       
 204      128      -13      12       0       
 204      128      -13      11.5     0       
 204      128      -13      12.6     0       
 204      128      -13      13.5     0       
 204      128      -13      13.7     0       
 204      128      -13      12.5     0       
 204      128      -13      10.9     0       
 204      128      -13      9.21     0       
 204      128      -13      11.3     0       
 204      128      -13      12.9     0       
 204      128      -13      13.1     0       
 204      128      -13      12.8     0       
 204      128      -13      14.4     0       
 204      128      -13      13.8     0       
 197      132      -2.58    11.3     0       
 197      132      -2.58    10.6     0       
 197      132      -2.58    10.8     0       
 197      132      -2.58    12.4     0       
 188      60.2     -33.8    19.9     0       
 191      138      1.4      11.5     0       
 191      138      1.4      12.4     0       
 191      138      1.4      13.3     0       
 191      138      1.4      12.9     0       
 191      138      1.4      11.2     0       
 191      138      1.4      11.5     0       
 191      138      1.4      10.5     0       
 191      138      1.4      11.4     0       
 191      138      1.4      11.6     0       
 191      138      1.4      10.8     0       
 191      138      1.4      10.9     0       
 191      138      1.4      11       0       
 195      143      3.51     58.5     0       
 189      137      2.86     7.72     0       
 189      137      2.86     7.96     0       
 189      137      2.86     7.43     0       
 189      137      2.86     9.15     0       
 189      137      2.86     8.88     0       
 181      131      3.55     8.21     0       
 180      130      3.24     15.4     0       
 176      127      1.4      9.83     0       
 176      127      1.4      10.5     0       
 176      127      1.4      9.41     0       
 176      127      1.4      9.53     0       
 176      127      1.4      10.9     0       
 162      113      5.15     6.48     0       
 160      111      5.36     9.65     0       
 160      111      5.36     9.52     0       
 160      111      5.36     9.2      0       
 160      111      5.36     8.86     0       
 160      111      5.36     9.64     0       
 160      111      5.36     9.85     0       
 160      111      5.36     10.4     0       
 160      111      5.36     9.02     0       
 160      111      5.36     8.06     0       
 160      111      5.36     8.72     0       
 160      111      5.36     7.57     0       
 176      127      1.4      5.68     0       
 180      130      3.24     10.6     0       
 180      130      3.24     9.8      0       
 180      130      3.24     11.4     0       
 180      130      3.24     10.8     0       
 180      130      3.24     10.2     0       
 162      113      5.15     9.15     0       
 162      113      5.15     9.21     0       
 162      113      5.15     8.97     0       
 162      113      5.15     10.2     0       
 162      113      5.15     8.71     0       
 146      99.7     10.1     10.7     0       
 146      99.7     10.1     10.5     0       
 146      99.7     10.1     11.1     0       
 146      99.7     10.1     10.1     0       
 146      99.7     10.1     9.77     0       
 146      99.7     10.1     10.5     0       
 146      99.7     10.1     10.8     0       
 146      99.7     10.1     9.59     0       
 146      99.7     10.1     9.44     0       
 146      99.7     10.1     8.9      0       
 146      99.7     10.1     8.01     0       
 181      131      3.55     10.9     0       
 181      131      3.55     11       0       
 181      131      3.55     11       0       
 181      131      3.55     11.6     0       
 181      131      3.55     12       0       
 181      131      3.55     12.2     0       
 181      131      3.55     14.1     0       
 173      108      21.6     10.8     0       
 173      108      21.6     11       0       
 173      108      21.6     10.7     0       
 174      94.7     24.9     0.648    0       
 174      94.7     24.9     8.73     0       
 174      94.7     24.9     10.1     0       
 174      94.7     24.9     9.53     0       
 174      94.7     24.9     9.78     0       
 174      94.7     24.9     9.55     0       
 174      94.7     24.9     8.7      0       
 174      94.7     24.9     7.6      0       
 174      94.7     24.9     7.7      0       
 174      94.7     24.9     8.63     0       
 174      94.7     24.9     9.05     0       
 174      94.7     24.9     9.73     0       
 174      94.7     24.9     8.99     0       
 174      94.7     24.9     8.09     0       
 174      94.7     24.9     8.55     0       
 174      94.7     24.9     8.04     0       
 173      108      21.6     11.5     0       
 173      108      21.6     10.8     0       
 173      108      21.6     9.96     0       
 173      108      21.6     12.4     0       
 173      108      21.6     11.3     0       
 173      108      21.6     9.85     0       
 173      108      21.6     10.3     0       
 173      108      21.6     9.38     0       
 173      108      21.6     9.95     0       
 173      108      21.6     9.8      0       
 173      108      21.6     10.1     0       
 173      108      21.6     8.8      0       
 173      108      21.6     9.11     0       
 141      59.3     38.2     6.54     0       
 141      59.3     38.2     6.26     0       
 141      59.3     38.2     6.58     0       
 141      59.3     38.2     5.75     0       
 141      59.3     38.2     5.79     0       
 159      121      12.2     9.88     0       
 159      121      12.2     8.92     0       
 159      121      12.2     8.64     0       
 159      121      12.2     8.86     0       
 159      121      12.2     8        0       
 159      121      12.2     8.4      0       
 159      121      12.2     9.29     0       
 159      121      12.2     9.23     0       
 159      121      12.2     8.55     0       
 159      121      12.2     7.73     0       
 159      121      12.2     7.94     0       
 159      121      12.2     8.51     0       
 159      121      12.2     8.2      0       
 159      121      12.2     9.01     0       
 159      121      12.2     9.02     0       
 159      121      12.2     7.36     0       
 159      121      12.2     7.15     0       
 159      121      12.2     7.05     0       
 159      121      12.2     7.36     0       
 159      121      12.2     8.57     0       
 159      121      12.2     7.73     0       
 174      126      0.2      11.4     0       
 174      126      0.2      10.3     0       
 174      126      0.2      10       0       
 174      126      0.2      10.2     0       
 174      126      0.2      9.51     0       
 174      126      0.2      11.3     0       
 174      126      0.2      10.1     0       
 174      126      0.2      9.65     0       
 174      126      0.2      10.2     0       
 174      126      0.2      8.92     0       
 174      126      0.2      9.08     0       
 174      126      0.2      9.85     0       
 174      126      0.2      9.14     0       
 174      126      0.2      10       0       
 174      126      0.2      9.41     0       
 174      126      0.2      9.06     0       
 174      126      0.2      7.6      0       
 174      126      0.2      8.77     0       
 174      126      0.2      8.72     0       
 174      126      0.2      8.18     0       
 174      126      0.2      7        0       
 174      126      0.2      6.62     0       
 174      126      0.2      5.34     0       
 130      50.6     48.3     6.61     0       
 160      111      5.36     6.35     0       
 160      111      5.36     6.35     0       
 160      111      5.36     6.27     0       
 195      143      3.51     30.3     0       
 195      143      3.51     18       0       
 195      143      3.51     13.2     0       
 195      142      10       17.6     0       
 195      142      10       14.6     0       
 195      142      10       15.4     0       
 195      142      10       15.6     0       
 195      142      10       10.1     0       
 195      142      10       9.45     0       
 195      142      10       8.28     0       
 195      142      10       6.73     0       
 195      142      10       6.35     0       
 195      142      10       7.86     0       
 195      142      10       9.22     0       
 195      142      10       8.18     0       
 195      142      10       7.44     0       
 195      142      10       6.28     0       
 195      142      10       5.24     0       
 195      142      10       6.75     0       
 195      142      10       7.95     0       
 195      142      10       12.6     0       
 195      142      10       10.6     0       
 195      142      10       10.4     0       
 192      137      14.5     7.74     0       
 192      137      14.5     5.77     0       
 192      137      14.5     7.12     0       
 191      133      20.3     5.86     0       
 191      132      22.2     4.49     0       
 191      132      22.2     5.46     0       
 191      132      22.2     6.24     0       
 191      132      22.2     5.58     0       
 191      133      20.3     4.99     0       
 191      133      20.3     5.8      0       
 191      133      20.3     5.13     0       
 184      129      24.8     8.48     0       
 184      129      24.8     9.98     0       
 184      129      24.8     9.6      0       
 177      124      30.2     9.87     0       
 177      124      30.2     11       0       
 177      124      30.2     11.1     0       
 177      124      30.2     9.18     0       
 177      124      30.2     8.36     0       
 177      124      30.2     9.27     0       
 177      124      30.2     8.19     0       
 177      124      30.2     7.97     0       
 177      124      30.2     8.51     0       
 177      124      30.2     7.77     0       
 177      124      30.2     7.36     0       
 177      124      30.2     7.56     0       
 177      124      30.2     7.77     0       
 177      124      30.2     7.83     0       
 177      124      30.2     7.96     0       
 177      124      30.2     6.83     0       
 176      111      37.1     9.22     0       
 176      111      37.1     8.09     0       
 176      111      37.1     8.48     0       
 176      111      37.1     7.33     0       
 176      111      37.1     7.43     0       
 176      111      37.1     8.67     0       
 176      111      37.1     8.28     0       
 176      111      37.1     7.46     0       
 176      111      37.1     6.64     0       
 176      111      37.1     7.66     0       
 176      111      37.1     7.29     0       
 176      111      37.1     7.42     0       
 176      111      37.1     6.18     0       
 192      137      14.5     21.5     0       
 196      129      24.7     5.7      0       
 196      129      24.7     5.69     0       
 196      129      24.7     5.26     0       
 196      129      24.7     4.98     0       
 196      129      24.7     5.75     0       
 198      118      37.9     8.3      0       
 198      118      37.9     7.69     0       
 198      118      37.9     7.74     0       
 198      118      37.9     0.164    0       
 190      131      24.6     9.27     0       
 190      131      24.6     8.4      0       
 190      131      24.6     8        0       
 190      131      24.6     9.02     0       
 190      131      24.6     9.74     0       
 190      131      24.6     8.61     0       
 190      131      24.6     7.91     0       
 190      131      24.6     7.82     0       
 190      131      24.6     9.04     0       
 200      114      48.8     6.97     0       
 200      114      48.8     6.2      0       
 200      114      48.8     6.31     0       
 200      114      48.8     5.13     0       
 200      114      48.8     6.05     0       
 200      114      48.8     6.44     0       
 200      114      48.8     7.28     0       
 201      135      4.9      625      0       
 197      168      4.74     20.5     0       
 198      171      4.89     31.7     0       
 198      171      4.89     27.9     0       
 198      171      4.89     25.3     0       
 199      183      5.4      27.8     0       
 199      183      5.4      29.1     0       
 199      183      5.4      35.6     0       
 202      195      4.03     41.9     0       
 201      201      3.44     37.3     0       
 201      201      3.44     34.4     0       
 201      201      3.44     34.5     0       
 201      201      3.44     36       0       
 201      201      3.44     35.7     0       
 200      224      4.2      19.8     0       
 200      224      4.2      22.2     0       
 200      224      4.2      21.6     0       
 196      234      3.44     42       0       
 193      240      3.64     24       0       
 193      244      3.33     12.3     0       
 193      244      3.33     10       0       
 193      244      3.33     8.42     0       
 193      244      3.33     8.86     0       
 193      244      3.33     9.35     0       
 193      244      3.33     8.98     0       
 193      244      3.33     9.61     0       
 193      244      3.33     10.9     0       
 193      244      3.33     8.67     0       
 193      244      3.33     8.62     0       
 193      244      3.33     7.99     0       
 193      244      3.33     24.8     0       
 193      244      3.33     22.8     0       
 193      244      3.33     21.7     0       
 193      244      3.33     25.5     0       
 193      244      3.33     21.5     0       
 188      264      3.9      31.9     0       
 187      270      3.86     21.9     0       
 187      270      3.86     21.1     0       
 187      270      3.86     22.7     0       
 187      270      3.86     25.4     0       
 187      270      3.86     27.1     0       
 184      291      3.85     20.5     0       
 184      291      3.85     20.5     0       
 184      291      3.85     20.7     0       
 184      291      3.85     19.4     0       
 184      291      3.85     21       0       
 181      309      3.84     37.7     0       
 179      316      2.36     36.6     0       
 177      322      2.56     10.8     0       
 177      322      2.56     9.06     0       
 177      322      2.56     7.94     0       
 175      333      12.3     0.742    0       
 175      333      12.3     9.56     0       
 179      316      2.36     11.1     0       
 179      316      2.36     9.1      0       
 179      316      2.36     10       0       
 179      316      2.36     16.9     0       
 179      316      2.36     13.2     0       
 179      316      2.36     14.1     0       
 179      316      2.36     15.6     0       
 179      316      2.36     11.5     0       
 179      316      2.36     9.1      0       
 179      316      2.36     7.7      0       
 179      316      2.36     9.09     0       
 179      316      2.36     8.79     0       
 179      316      2.36     9.22     0       
 188      264      3.9      20.7     0       
 189      270      7.39     12.3     0       
 189      270      7.39     12.2     0       
 189      270      7.39     11.1     0       
 189      270      7.39     11.6     0       
 189      270      7.39     10.3     0       
 189      270      7.39     9.83     0       
 189      270      7.39     8.78     0       
 189      270      7.39     11.1     0       
 189      270      7.39     11.1     0       
 189      270      7.39     9.46     0       
 189      270      7.39     8.7      0       
 189      270      7.39     8.38     0       
 189      270      7.39     8.34     0       
 189      270      7.39     8.15     0       
 189      270      7.39     7.48     0       
 159      327      24.8     0.716    0       
 159      327      24.8     6.08     0       
 159      327      24.8     5.33     0       
 159      327      24.8     5.42     0       
 189      270      7.39     8.87     0       
 189      270      7.39     8.51     0       
 189      270      7.39     6.57     0       
 187      270      3.86     10.1     0       
 187      270      3.86     6.93     0       
 187      270      3.86     6.75     0       
 187      270      3.86     7.15     0       
 187      270      3.86     8.12     0       
 170      272      1.86     6.94     0       
 170      272      1.86     6.96     0       
 170      272      1.86     7.84     0       
 170      272      1.86     11.5     0       
 170      272      1.86     11.3     0       
 170      272      1.86     10.9     0       
 170      272      1.86     11.2     0       
 170      272      1.86     10.2     0       
 170      272      1.86     8.84     0       
 170      272      1.86     9.35     0       
 170      272      1.86     8.44     0       
 170      272      1.86     8.47     0       
 170      272      1.86     8.76     0       
 170      272      1.86     7.79     0       
 177      322      2.56     29.9     0       
 172      326      3.02     22.2     0       
 172      326      3.02     18.2     0       
 172      326      3.02     19.7     0       
 172      326      3.02     18       0       
 172      326      3.02     16       0       
 172      326      3.02     16.6     0       
 172      326      3.02     14.9     0       
 142      340      6.76     13.6     0       
 142      340      6.76     16.2     0       
 142      340      6.76     17.2     0       
 142      340      6.76     15.6     0       
 142      340      6.76     13.4     0       
 132      354      -3.73    8.41     0       
 132      354      -3.73    9.72     0       
 132      354      -3.73    8.77     0       
 136      363      -0.318   1.19     0       
 136      363      -0.318   10.6     0       
 136      363      -0.318   10.8     0       
 136      363      -0.318   12.3     0       
 136      363      -0.318   13.9     0       
 136      363      -0.318   11       0       
 143      382      8.27     9.99     0       
 143      382      8.27     9.13     0       
 143      382      8.27     7.52     0       
 143      382      8.27     8.78     0       
 143      382      8.27     8.55     0       
 143      382      8.27     8.42     0       
 143      382      8.27     9.84     0       
 143      382      8.27     8.94     0       
 143      382      8.27     8.32     0       
 143      382      8.27     7.85     0       
 143      382      8.27     7.95     0       
 143      382      8.27     7.4      0       
 143      382      8.27     6.86     0       
 143      382      8.27     6.51     0       
 143      382      8.27     6.4      0       
 143      382      8.27     6.83     0       
 143      382      8.27     6.49     0       
 143      382      8.27     6.7      0       
 143      382      8.27     5.67     0       
 143      382      8.27     10       0       
 143      382      8.27     8.98     0       
 143      382      8.27     8.45     0       
 143      382      8.27     7.41     0       
 143      382      8.27     8.26     0       
 143      382      8.27     8.73     0       
 143      382      8.27     7.44     0       
 143      382      8.27     7.57     0       
 143      382      8.27     7.7      0       
 143      382      8.27     8.53     0       
 143      382      8.27     6.3      0       
 143      382      8.27     8        0       
 143      382      8.27     7.18     0       
 143      382      8.27     8.35     0       
 143      382      8.27     7.22     0       
 143      382      8.27     8.08     0       
 143      382      8.27     7.17     0       
 143      382      8.27     6.89     0       
 143      382      8.27     7.25     0       
 143      382      8.27     6.84     0       
 143      382      8.27     6.77     0       
 143      382      8.27     5.98     0       
 143      382      8.27     6.42     0       
 132      354      -3.73    9.8      0       
 132      354      -3.73    9.7      0       
 132      354      -3.73    9.82     0       
 132      354      -3.73    9.84     0       
 132      354      -3.73    8.51     0       
 132      354      -3.73    7.92     0       
 132      354      -3.73    8.13     0       
 124      372      -19.8    5.88     0       
 124      372      -19.8    6.4      0       
 124      372      -19.8    5.02     0       
 124      372      -19.8    5.59     0       
 124      372      -19.8    5.75     0       
 124      372      -19.8    8.19     0       
 124      372      -19.8    8.8      0       
 124      372      -19.8    7.19     0       
 124      372      -19.8    7.59     0       
 124      372      -19.8    6.83     0       
 108      383      -24.7    1.03     0       
 108      383      -24.7    8.81     0       
 108      383      -24.7    9.18     0       
 108      383      -24.7    8.13     0       
 108      383      -24.7    7.75     0       
 108      383      -24.7    8.3      0       
 108      383      -24.7    10.6     0       
 108      383      -24.7    9.16     0       
 108      383      -24.7    9.32     0       
 108      383      -24.7    9.3      0       
 108      383      -24.7    9.04     0       
 108      383      -24.7    8.34     0       
 108      383      -24.7    8.27     0       
 108      383      -24.7    8.99     0       
 108      383      -24.7    8.97     0       
 108      383      -24.7    7.58     0       
 108      383      -24.7    6.44     0       
 108      383      -24.7    6.54     0       
 108      383      -24.7    6.95     0       
 108      383      -24.7    6.64     0       
 108      383      -24.7    6        0       
 108      383      -24.7    5.79     0       
 108      383      -24.7    6.75     0       
 108      383      -24.7    5.94     0       
 108      383      -24.7    6.77     0       
 108      383      -24.7    6.92     0       
 142      340      6.76     9.99     0       
 142      340      6.76     11.8     0       
 142      340      6.76     11.4     0       
 142      340      6.76     11.7     0       
 142      340      6.76     9.15     0       
 126      345      11.1     18.2     0       
 119      347      11.1     5.98     0       
 119      347      11.1     7.25     0       
 119      347      11.1     5.19     0       
 111      350      12.1     1.56     0       
 111      350      12.1     8.91     0       
 111      350      12.1     9.3      0       
 111      350      12.1     9.13     0       
 111      350      12.1     10.1     0       
 111      350      12.1     10.2     0       
 111      350      12.1     10.6     0       
 111      350      12.1     7.69     0       
 111      350      12.1     7.17     0       
 111      350      12.1     8.42     0       
 111      350      12.1     6.78     0       
 111      350      12.1     6.86     0       
 96.2     358      59.8     0.494    0       
 172      326      3.02     12       0       
 172      326      3.02     8.06     0       
 172      326      3.02     8.19     0       
 172      326      3.02     7.72     0       
 172      326      3.02     7.18     0       
 116      374      -36.3    1.33     0       
 160      274      0.2      8.49     0       
 160      274      0.2      8.7      0       
 160      274      0.2      7.61     0       
 160      274      0.2      7.36     0       
 160      274      0.2      8.06     0       
 160      274      0.2      9.49     0       
 160      274      0.2      8.75     0       
 160      274      0.2      7.8      0       
 160      274      0.2      7.48     0       
 160      274      0.2      7.31     0       
 160      274      0.2      7.29     0       
 184      291      3.85     13.4     0       
 184      291      3.85     11.1     0       
 184      291      3.85     9.2      0       
 184      291      3.85     9.19     0       
 184      291      3.85     9.77     0       
 184      291      3.85     9.38     0       
 184      291      3.85     8.84     0       
 184      291      3.85     8.85     0       
 184      291      3.85     8.63     0       
 184      291      3.85     9.25     0       
 184      291      3.85     9.24     0       
 184      291      3.85     9.35     0       
 184      291      3.85     8.28     0       
 184      291      3.85     7.59     0       
 184      291      3.85     8        0       
 184      291      3.85     7.86     0       
 184      291      3.85     8.38     0       
 202      195      4.03     14       0       
 202      195      4.03     10.7     0       
 202      195      4.03     11.6     0       
 206      186      -3.63    9.54     0       
 206      186      -3.63    9.75     0       
 206      186      -3.63    8.95     0       
 206      186      -3.63    7.58     0       
 206      186      -3.63    7.58     0       
 206      186      -3.63    7.24     0       
 206      186      -3.63    8.23     0       
 206      186      -3.63    9.22     0       
 218      175      -12.4    8.57     0       
 218      175      -12.4    9.45     0       
 218      175      -12.4    8.57     0       
 203      179      -12.5    8.83     0       
 203      179      -12.5    9.32     0       
 203      179      -12.5    9.15     0       
 203      179      -12.5    8.6      0       
 203      179      -12.5    8.1      0       
 203      179      -12.5    7.44     0       
 203      179      -12.5    6.77     0       
 203      179      -12.5    7.11     0       
 203      179      -12.5    7.9      0       
 203      179      -12.5    7.34     0       
 203      179      -12.5    7.49     0       
 222      172      -24.9    6.66     0       
 222      172      -24.9    7.27     0       
 222      172      -24.9    6.74     0       
 222      172      -24.9    6.5      0       
 222      172      -24.9    6.39     0       
 181      309      3.84     15.8     0       
 181      309      3.84     10.7     0       
 181      309      3.84     9.36     0       
 181      309      3.84     10.1     0       
 181      309      3.84     9.38     0       
 181      309      3.84     9.1      0       
 181      309      3.84     8.82     0       
 181      309      3.84     9.62     0       
 181      309      3.84     9.5      0       
 181      309      3.84     9.41     0       
 181      309      3.84     7.43     0       
 181      309      3.84     7.57     0       
 181      309      3.84     8.36     0       
 181      309      3.84     7.57     0       
 181      309      3.84     8.03     0       
 191      280      12.5     12.3     0       
 191      280      12.5     10.7     0       
 191      280      12.5     9.85     0       
 191      280      12.5     10.9     0       
 191      280      12.5     9.3      0       
 191      280      12.5     8.98     0       
 191      280      12.5     8.43     0       
 196      234      3.44     14.7     0       
 196      234      3.44     12.9     0       
 196      234      3.44     13.2     0       
 202      246      -1.77    10.4     0       
 202      246      -1.77    9.71     0       
 202      246      -1.77    10       0       
 202      246      -1.77    9.54     0       
 202      246      -1.77    9.62     0       
 202      246      -1.77    10.8     0       
 202      246      -1.77    8.75     0       
 202      246      -1.77    11.3     0       
 202      246      -1.77    9.79     0       
 202      246      -1.77    9.47     0       
 202      246      -1.77    9.57     0       
 202      246      -1.77    9        0       
 202      246      -1.77    8.74     0       
 202      246      -1.77    8.27     0       
 202      246      -1.77    7.19     0       
 202      246      -1.77    8.8      0       
 202      246      -1.77    8.06     0       
 202      246      -1.77    7.43     0       
 202      246      -1.77    7.6      0       
 202      246      -1.77    10.9     0       
 202      246      -1.77    8.79     0       
 202      246      -1.77    9.49     0       
 202      246      -1.77    9.67     0       
 202      246      -1.77    11.7     0       
 202      246      -1.77    15.1     0       
 202      246      -1.77    13.7     0       
 202      246      -1.77    8.78     0       
 202      246      -1.77    12.5     0       
 199      183      5.4      12.5     0       
 199      183      5.4      9.65     0       
 199      183      5.4      11.2     0       
 199      183      5.4      10.6     0       
 199      183      5.4      11       0       
 199      183      5.4      11.1     0       
 199      183      5.4      10.7     0       
 199      183      5.4      10.3     0       
 199      183      5.4      7.27     0       
 199      183      5.4      9.22     0       
 199      183      5.4      8.75     0       
 199      183      5.4      8.93     0       
 199      183      5.4      9.45     0       
 199      183      5.4      9.19     0       
 199      183      5.4      7.56     0       
 193      240      3.64     13.4     0       
 193      240      3.64     10.2     0       
 193      240      3.64     9.52     0       
 193      240      3.64     9.9      0       
 193      240      3.64     10.4     0       
 193      240      3.64     10.4     0       
 193      240      3.64     9.31     0       
 193      240      3.64     10.4     0       
 193      240      3.64     9.53     0       
 193      240      3.64     8.56     0       
 193      240      3.64     9.11     0       
 193      240      3.64     9.13     0       
 193      240      3.64     8.68     0       
 193      240      3.64     9.58     0       
 193      240      3.64     9.2      0       
 193      240      3.64     8.06     0       
 193      240      3.64     8.65     0       
 193      240      3.64     7.06     0       
 193      240      3.64     6.94     0       
 196      228      49.5     8.37     0       
 196      228      49.5     8.81     0       
 196      228      49.5     8.75     0       
 196      228      49.5     8.66     0       
 196      228      49.5     8.68     0       
 196      228      49.5     7.79     0       
 196      228      49.5     7.69     0       
 196      228      49.5     8.26     0       
 196      228      49.5     9.08     0       
 126      345      11.1     3.59     0       
 126      346      12.5     7.44     0       
 126      346      12.5     6.71     0       
 126      346      12.5     6.35     0       
 126      346      12.5     7.26     0       
 126      346      12.5     8.4      0       
 201      201      3.44     15.5     0       
 201      201      3.44     9.18     0       
 201      201      3.44     8.79     0       
 201      201      3.44     9.3      0       
 201      201      3.44     10.4     0       
 201      201      3.44     10.4     0       
 201      201      3.44     9.23     0       
 201      201      3.44     10.1     0       
 201      201      3.44     10.6     0       
 201      201      3.44     9.44     0       
 201      201      3.44     10.1     0       
 201      201      3.44     11.4     0       
 201      201      3.44     9.54     0       
 201      201      3.44     9.51     0       
 201      201      3.44     9.39     0       
 201      201      3.44     8.85     0       
 201      201      3.44     9.96     0       
 201      201      3.44     8.58     0       
 201      201      3.44     8.83     0       
 201      201      3.44     8.49     0       
 201      201      3.44     9.09     0       
 201      201      3.44     9.37     0       
 201      201      3.44     8.49     0       
 201      201      3.44     8.12     0       
 201      201      3.44     8.74     0       
 201      201      3.44     9.24     0       
 201      201      3.44     8.64     0       
 197      168      4.74     17.3     0       
 197      168      4.74     11.6     0       
 197      168      4.74     13.8     0       
 184      174      4.94     11       0       
 184      174      4.94     11.1     0       
 184      174      4.94     12       0       
 184      174      4.94     10.5     0       
 184      174      4.94     9.39     0       
 184      174      4.94     10.9     0       
 184      174      4.94     10.8     0       
 184      174      4.94     9.2      0       
 184      174      4.94     10.9     0       
 184      174      4.94     8.6      0       
 184      174      4.94     8.72     0       
 184      174      4.94     9.73     0       
 184      174      4.94     9.25     0       
 184      174      4.94     9.33     0       
 184      174      4.94     9.89     0       
 184      174      4.94     9.07     0       
 184      174      4.94     7.54     0       
 184      174      4.94     12.9     0       
 184      174      4.94     10.7     0       
 184      174      4.94     10.8     0       
 184      174      4.94     11.2     0       
 184      174      4.94     11.8     0       
 184      174      4.94     11       0       
 184      174      4.94     10.1     0       
 184      174      4.94     10.4     0       
 184      174      4.94     10.8     0       
 184      174      4.94     11.4     0       
 184      174      4.94     10.4     0       
 184      174      4.94     9.96     0       
 184      174      4.94     10       0       
 184      174      4.94     10.5     0       
 184      174      4.94     9.86     0       
 184      174      4.94     8.98     0       
 184      174      4.94     8.87     0       
 184      174      4.94     9.54     0       
 184      174      4.94     9.79     0       
 184      174      4.94     9.75     0       
 184      174      4.94     9.21     0       
 184      174      4.94     8.4      0       
 184      174      4.94     8.21     0       
 184      174      4.94     8.21     0       
 184      174      4.94     7.08     0       
 198      171      4.89     18.1     0       
 198      171      4.89     10       0       
 198      171      4.89     9.75     0       
 198      171      4.89     8.35     0       
 198      171      4.89     8.14     0       
 198      171      4.89     8.73     0       
 198      171      4.89     8.95     0       
 223      177      1.78     8.46     0       
 223      177      1.78     9.9      0       
 223      177      1.78     8.78     0       
 223      177      1.78     9.96     0       
 223      177      1.78     9.63     0       
 223      177      1.78     9.8      0       
 223      177      1.78     10.1     0       
 223      177      1.78     9.88     0       
 223      177      1.78     9.42     0       
 223      177      1.78     9.5      0       
 223      177      1.78     8.13     0       
 223      177      1.78     8.93     0       
 223      177      1.78     9.12     0       
 223      177      1.78     9.02     0       
 223      177      1.78     8.73     0       
 223      177      1.78     8.38     0       
 223      177      1.78     8.76     0       
 223      177      1.78     9.18     0       
 223      177      1.78     8.14     0       
 223      177      1.78     9.48     0       
 223      177      1.78     8.64     0       
 223      177      1.78     8.77     0       
 223      177      1.78     8.76     0       
 223      177      1.78     8.7      0       
 223      177      1.78     9.28     0       
 223      177      1.78     9.83     0       
 223      177      1.78     9.86     0       
 223      177      1.78     10.2     0       
 223      177      1.78     9.79     0       
 223      177      1.78     8.7      0       
 223      177      1.78     9.55     0       
 223      177      1.78     8.98     0       
 223      177      1.78     8.56     0       
 223      177      1.78     9.41     0       
 223      177      1.78     8.85     0       
 223      177      1.78     8.49     0       
 304      219      -22.2    8.83     0       
 119      347      11.1     9.65     0       
 119      347      11.1     8.5      0       
 119      347      11.1     7.99     0       
 119      347      11.1     8.66     0       
 119      347      11.1     9.95     0       
 119      347      11.1     9.68     0       
 119      347      11.1     8.89     0       
 119      347      11.1     8.22     0       
 119      347      11.1     8.09     0       
 119      347      11.1     9.61     0       
 119      347      11.1     10.2     0       
 119      347      11.1     9.3      0       
 119      347      11.1     9.13     0       
 119      347      11.1     8.08     0       
 119      347      11.1     8.59     0       
 119      347      11.1     8.38     0       
 119      347      11.1     9.17     0       
 119      347      11.1     9.32     0       
 119      347      11.1     9.5      0       
 119      347      11.1     7.86     0       
 119      347      11.1     7.69     0       
 119      347      11.1     7.67     0       
 119      347      11.1     6.52     0       
 119      347      11.1     6.3      0       
 119      347      11.1     6.64     0       
 119      347      11.1     7.68     0       
 119      347      11.1     6.32     0       
 119      347      11.1     6.53     0       
 119      347      11.1     6.9      0       
 119      347      11.1     7.53     0       
 119      347      11.1     7.89     0       
 119      347      11.1     7.11     0       
 119      347      11.1     6.84     0       
 119      347      11.1     7.09     0       
 119      347      11.1     7.07     0       
 241      320      -12.3    6.54     0       
 241      320      -12.3    9.23     0       
 241      320      -12.3    8.23     0       
 241      320      -12.3    8.86     0       
 241      320      -12.3    9        0       
 200      224      4.2      37.1     0       
 202      230      6.43     3.79     0       
 203      230      6.72     9.37     0       
 203      230      6.72     9.07     0       
 203      230      6.72     8.86     0       
 203      230      6.72     9.13     0       
 203      230      6.72     8.16     0       
 203      230      6.72     8.62     0       
 203      230      6.72     7.48     0       
 203      230      6.72     6.04     0       
 203      230      6.72     7.56     0       
 203      230      6.72     7.89     0       
 203      230      6.72     8.09     0       
 202      230      6.43     17.4     0       
 202      230      6.43     15.9     0       
 202      230      6.43     17.6     0       
 203      240      8.29     18.8     0       
 203      240      8.29     21.7     0       
 203      240      8.29     22       0       
 203      240      8.29     21.9     0       
 203      240      8.29     21       0       
 204      261      9.2      13.4     0       
 204      261      9.2      11.1     0       
 204      261      9.2      11.1     0       
 204      261      9.2      9.96     0       
 204      261      9.2      9.88     0       
 204      261      9.2      10.1     0       
 204      261      9.2      9.88     0       
 204      261      9.2      9.71     0       
 204      261      9.2      10.2     0       
 204      261      9.2      8.86     0       
 204      261      9.2      8.34     0       
 204      261      9.2      9.18     0       
 204      261      9.2      9.79     0       
 203      240      8.29     11.9     0       
 203      240      8.29     10.1     0       
 203      240      8.29     10.2     0       
 203      241      20       8.42     0       
 203      241      20       8.65     0       
 203      241      20       7.96     0       
 203      241      20       9.23     0       
 203      241      20       9.44     0       
 203      241      20       7.65     0       
 203      241      20       7.75     0       
 203      241      20       6.61     0       
 203      241      20       7.94     0       
 203      241      20       8.42     0       
 203      241      20       8.08     0       
 203      241      20       7.81     0       
 203      241      20       6.74     0       
 203      241      20       9.03     0       
 203      241      20       8.57     0       
 203      241      20       10.2     0       
 203      241      20       9.21     0       
 203      241      20       9.48     0       
 204      261      9.2      24.8     0       
 204      261      9.2      21.7     0       
 204      261      9.2      23.1     0       
 204      261      9.2      22.6     0       
 204      261      9.2      25.3     0       
 204      261      9.2      22.3     0       
 204      261      9.2      22.9     0       
 211      291      13.5     23.6     0       
 211      291      13.5     19.7     0       
 211      291      13.5     21.4     0       
 211      291      13.5     23.1     0       
 211      291      13.5     23.4     0       
 211      291      13.5     22.5     0       
 211      291      13.5     20.6     0       
 217      319      17.8     18.8     0       
 217      319      17.8     19.9     0       
 217      319      17.8     19       0       
 217      319      17.8     17.4     0       
 217      319      17.8     14.7     0       
 217      319      17.8     16.1     0       
 217      319      17.8     14       0       
 217      319      17.8     16.3     0       
 217      319      17.8     17.9     0       
 217      319      17.8     9.79     0       
 217      319      17.8     11.4     0       
 217      319      17.8     9.26     0       
 217      319      17.8     7.99     0       
 217      319      17.8     8.52     0       
 217      319      17.8     7.48     0       
 217      319      17.8     6.42     0       
 217      319      17.8     7.09     0       
 217      319      17.8     5.8      0       
 217      319      17.8     6.7      0       
 217      319      17.8     6.95     0       
 235      346      31       12.1     0       
 235      346      31       11.6     0       
 235      346      31       11.1     0       
 235      346      31       8.3      0       
 235      346      31       8.61     0       
 235      346      31       7.88     0       
 235      346      31       7.7      0       
 258      357      49.5     2.55     0       
 258      357      49.5     9.41     0       
 258      357      49.5     10.2     0       
 258      357      49.5     9.92     0       
 258      357      49.5     9.96     0       
 258      357      49.5     8.07     0       
 258      357      49.5     8.52     0       
 258      357      49.5     8.42     0       
 203      230      6.72     6.01     0       
 203      230      6.72     6.12     0       
 203      230      6.72     8.03     0       
 209      234      5.07     12.5     0       
 209      234      5.07     11.3     0       
 209      234      5.07     10.6     0       
 209      234      5.07     9.61     0       
 209      234      5.07     9.78     0       
 235      346      31       14.6     0       
 235      346      31       13       0       
 235      346      31       14.2     0       
 235      346      31       12.9     0       
 235      346      31       11.8     0       
 235      346      31       12.6     0       
 235      346      31       13.7     0       
 234      364      23.5     6.78     0       
 234      364      23.5     6.88     0       
 234      364      23.5     6.75     0       
 234      364      23.5     7.45     0       
 234      364      23.5     6.51     0       
 234      364      23.5     12.2     0       
 234      364      23.5     10.5     0       
 234      364      23.5     11.5     0       
 234      364      23.5     12.5     0       
 234      364      23.5     13.3     0       
 212      372      12.7     1.39     0       
 212      372      12.7     19.5     0       
 213      377      8.86     8.79     0       
 213      377      8.86     9.02     0       
 213      377      8.86     8.07     0       
 213      377      8.86     9.1      0       
 213      377      8.86     9.12     0       
 213      377      8.86     9.2      0       
 213      377      8.86     8.22     0       
 213      377      8.86     8.51     0       
 213      377      8.86     9.76     0       
 213      377      8.86     10.5     0       
 213      377      8.86     8.92     0       
 213      377      8.86     8.28     0       
 213      377      8.86     8.62     0       
 213      377      8.86     8.19     0       
 213      377      8.86     9        0       
 213      377      8.86     7.51     0       
 213      377      8.86     7.98     0       
 213      377      8.86     8.19     0       
 213      377      8.86     7.24     0       
 213      377      8.86     8.44     0       
 213      377      8.86     8.21     0       
 213      377      8.86     6.67     0       
 213      377      8.86     7.9      0       
 213      377      8.86     6.44     0       
 213      377      8.86     8.45     0       
 213      377      8.86     7.19     0       
 213      377      8.86     6.23     0       
 213      377      8.86     6.06     0       
 212      383      0.236    10.8     0       
 212      383      0.236    10.2     0       
 212      383      0.236    11.2     0       
 202      390      -5.7     9.17     0       
 202      390      -5.7     8.87     0       
 202      390      -5.7     8.2      0       
 202      390      -5.7     9.17     0       
 202      390      -5.7     10.3     0       
 202      390      -5.7     8.21     0       
 202      390      -5.7     8.24     0       
 202      390      -5.7     8.41     0       
 202      390      -5.7     8.18     0       
 202      390      -5.7     7.79     0       
 202      390      -5.7     7.84     0       
 202      390      -5.7     7.54     0       
 202      390      -5.7     8.61     0       
 202      390      -5.7     8.07     0       
 202      390      -5.7     7.05     0       
 202      390      -5.7     7.24     0       
 202      390      -5.7     8.12     0       
 202      390      -5.7     10.7     0       
 202      390      -5.7     7.76     0       
 202      390      -5.7     6.99     0       
 202      390      -5.7     6.91     0       
 202      390      -5.7     7.47     0       
 202      390      -5.7     7.11     0       
 202      390      -5.7     7.02     0       
 202      390      -5.7     8.01     0       
 202      390      -5.7     7.53     0       
 202      390      -5.7     8.14     0       
 202      390      -5.7     8.09     0       
 202      390      -5.7     8.16     0       
 202      390      -5.7     6.67     0       
 202      390      -5.7     5.85     0       
 202      390      -5.7     5.94     0       
 202      390      -5.7     7.57     0       
 202      390      -5.7     7.72     0       
 241      377      12.8     7.88     0       
 241      377      12.8     9.58     0       
 241      377      12.8     9.11     0       
 241      377      12.8     8.68     0       
 241      377      12.8     8.14     0       
 241      377      12.8     8.7      0       
 241      377      12.8     8.8      0       
 241      377      12.8     8.57     0       
 241      377      12.8     9.06     0       
 241      377      12.8     9.01     0       
 241      377      12.8     8.67     0       
 241      377      12.8     8.1      0       
 241      377      12.8     9.14     0       
 241      377      12.8     9.69     0       
 241      377      12.8     7.63     0       
 241      377      12.8     8.67     0       
 241      377      12.8     7.73     0       
 241      377      12.8     7.94     0       
 241      377      12.8     7.97     0       
 211      291      13.5     15.8     0       
 215      292      16.5     9.8      0       
 215      292      16.5     11.3     0       
 215      292      16.5     10.3     0       
 215      292      16.5     11.3     0       
 215      292      16.5     10.9     0       
 215      292      16.5     11       0       
 215      292      16.5     10.5     0       
 215      292      16.5     9.47     0       
 215      292      16.5     9.86     0       
 249      312      24.8     0.609    0       
 249      312      24.8     9.84     0       
 249      312      24.8     10.1     0       
 249      312      24.8     8.89     0       
 249      312      24.8     9.6      0       
 249      312      24.8     8.1      0       
 215      292      16.5     10.3     0       
 215      292      16.5     9.89     0       
 215      292      16.5     10.5     0       
 215      292      16.5     8.92     0       
 215      292      16.5     8.76     0       
 215      292      16.5     7.85     0       
 215      292      16.5     7.73     0       
 215      292      16.5     7.94     0       
 215      292      16.5     7.54     0       
 215      292      16.5     7.16     0       
 215      292      16.5     7.65     0       
 215      292      16.5     6.2      0       
 215      292      16.5     5.77     0       
 219      255      0.0244   9.73     0       
 219      255      0.0244   9.1      0       
 219      255      0.0244   8.89     0       
 219      255      0.0244   8.73     0       
 219      255      0.0244   9.29     0       
 219      255      0.0244   8.67     0       
 219      255      0.0244   9.33     0       
 219      255      0.0244   9.09     0       
 219      255      0.0244   9.09     0       
 219      255      0.0244   7.93     0       
 219      255      0.0244   8.57     0       
 219      255      0.0244   7.55     0       
 219      255      0.0244   6.96     0       
 213      229      37.4     8.27     0       
 213      229      37.4     7.44     0       
 213      229      37.4     5.72     0       
 213      229      37.4     5.77     0       
 213      229      37.4     6.4      0       
 213      229      37.4     8.15     0       
 213      229      37.4     6.31     0       
 115      375      -37.3    7.11     0       
 115      375      -37.3    8.32     0       
 115      375      -37.3    8.02     0       
 115      375      -37.3    8.45     0       
 115      375      -37.3    6.26     0       
 115      375      -37.3    6.51     0       
 115      375      -37.3    6.58     0       
 115      375      -37.3    6.87     0       
 115      375      -37.3    7.04     0       
 115      375      -37.3    7.32     0       
 115      375      -37.3    7.65     0       
 96.2     358      59.8     11       0       
 206      144      1.03     13.9     0       
 206      144      1.03     13.4     0       
 206      144      1.03     10       0       
 206      144      1.03     12.3     0       
 206      144      1.03     13.4     0       
 206      144      1.03     11.8     0       
 206      144      1.03     8.59     0       
 200      129      -3.08    12.9     0       
 200      129      -3.08    9.74     0       
 200      129      -3.08    9.53     0       
 200      129      -3.08    10.7     0       
 200      129      -3.08    11.2     0       
 200      129      -3.08    10.9     0       
 200      129      -3.08    11.9     0       
 200      129      -3.08    11.3     0       
 200      129      -3.08    12.7     0       
 210      97.2     56.1     7.28     0       
 210      97.2     56.1     6.22     0       
 210      97.2     56.1     5.74     0       
 210      97.2     56.1     5.7      0       
 210      97.2     56.1     7.23     0       
 210      97.2     56.1     6.79     0       
 210      97.2     56.1     6.07     0       
 210      97.2     56.1     6.52     0       
 210      97.2     56.1     8.43     0       
 210      97.2     56.1     7.12     0       
 210      97.2     56.1     8        0       
 210      97.2     56.1     8        0       
 210      97.2     56.1     7.45     0       
 210      97.2     56.1     6.94     0       
 210      97.2     56.1     8.04     0       
 210      97.2     56.1     7.24     0       
 210      97.2     56.1     7.24     0       
 206      91.9     50.8     6.33     0       
 206      91.9     50.8     7.7      0       
 206      91.9     50.8     8.47     0       
 206      91.9     50.8     9.29     0       
 206      91.9     50.8     9.39     0       
 206      91.9     50.8     8.78     0       
 206      91.9     50.8     8.37     0       
 206      91.9     50.8     8.69     0       
 206      91.9     50.8     9.74     0       
 206      91.9     50.8     10.3     0       
 206      91.9     50.8     9.73     0       
 206      91.9     50.8     8.3      0       
 206      91.9     50.8     8.79     0       
