0
0.303865
3.06567
5.01
5.01
5.01006
5.2177
5.64021
6.5122
8.56552
10
10
10.3239
16.0194
20
20
20.3626
23.1204
29.731
36.3417
48.8265
51
51
51.2596
54.8571
61
61
61.2839
66.3201
71
71
71.5312
75.1725
81
81
81.3715
87.8577
91
91
92.1067
97.01
97.01
97.0877
97.1653
97.3005
97.4356
97.6733
97.9109
98.1486
98.5247
98.9009
99.4986
100.096
100.694
101
101
101.064
101.234
101.666
102.098
102.53
103.24
103.949
105.016
106.083
107.15
108.217
109.283
110.35
111
111
111.048
111.368
111.688
112.009
112.669
113.329
113.99
114.65
115.003
115.356
115.709
116.062
116.216
116.369
116.522
116.676
116.748
116.821
116.894
116.966
117
117
117.003
117.005
117.01
117.016
117.021
117.031
117.041
117.051
117.061
117.077
117.092
117.108
117.133
117.158
117.182
117.207
117.232
117.257
117.282
117.306
117.331
117.356
117.381
117.406
117.431
117.455
117.48
117.505
117.517
117.528
117.54
117.551
117.563
117.575
117.586
117.598
117.609
117.621
117.633
117.644
117.656
117.667
117.679
117.698
117.716
117.735
117.753
117.772
117.791
117.809
117.828
117.846
117.865
117.883
117.902
117.921
117.939
117.958
117.976
117.995
118.014
118.032
118.051
118.069
118.088
118.107
118.125
118.144
118.162
118.181
118.2
118.218
118.237
118.255
118.274
118.293
118.321
118.349
118.377
118.405
118.433
118.461
118.489
118.517
118.545
118.573
118.601
118.629
118.657
118.685
118.713
118.741
118.769
118.797
118.825
118.853
118.881
118.909
118.937
118.965
118.993
119.021
119.049
119.077
119.105
119.133
119.161
119.19
119.218
119.246
119.274
119.302
119.33
119.358
119.386
119.414
119.442
119.47
119.498
119.526
119.554
119.582
119.61
119.638
119.666
119.694
119.722
119.75
119.778
119.806
119.834
119.862
119.89
119.918
119.946
119.974
120.002
120.03
120.058
120.087
120.115
120.143
120.171
120.199
120.227
120.255
120.283
120.311
120.339
120.367
120.395
120.423
120.451
120.479
120.507
120.535
120.563
120.591
120.619
120.647
120.675
120.703
120.731
120.759
120.787
120.815
120.843
120.871
120.899
120.927
120.955
120.983
121
121
121
121.01
121.034
121.058
121.082
121.106
121.13
121.169
121.207
121.245
121.31
121.375
121.44
121.505
121.569
121.634
121.699
121.764
121.829
121.893
121.958
122.064
122.17
122.276
122.382
122.487
122.593
122.699
122.769
122.815
122.861
122.907
122.953
122.999
123.045
123.074
123.102
123.131
123.16
123.189
123.217
123.271
123.324
123.377
123.43
123.483
123.537
123.59
123.643
123.696
123.75
123.803
123.856
123.937
124.018
124.099
124.18
124.261
124.342
124.423
124.504
124.585
124.666
124.747
124.87
124.993
125.196
125.399
125.603
125.806
126.122
126.439
126.755
127.072
127.388
127.704
128.021
128.337
128.654
128.803
128.953
129.103
129.253
129.403
129.553
129.702
129.852
130.002
130.074
130.145
130.217
130.288
130.36
130.432
130.503
130.575
130.646
130.718
130.789
130.861
130.933
131
131
131.03
131.061
131.118
131.174
131.231
131.288
131.345
131.401
131.458
131.515
131.571
131.628
131.685
131.778
131.871
131.964
132.057
132.151
132.244
132.337
132.43
132.523
132.616
132.709
132.803
132.896
132.989
133.082
133.175
133.268
133.361
133.455
133.548
133.641
133.734
133.827
133.92
134.013
134.106
134.2
134.293
134.461
134.629
134.797
134.966
135.134
135.302
135.47
135.638
135.807
135.975
136.143
136.311
136.479
136.647
136.816
136.984
137.152
137.32
137.488
137.657
137.825
137.993
138.161
138.329
138.498
138.666
138.834
139.002
139.17
139.339
139.507
139.675
139.843
140.011
140.18
140.348
140.516
140.684
140.852
141
141
141.008
141.029
141.051
141.073
141.13
141.188
141.246
141.304
141.362
141.42
141.51
141.601
141.648
141.695
141.743
141.79
141.838
141.885
141.933
141.98
142.027
142.075
142.122
142.17
142.217
142.292
142.367
142.443
142.518
142.593
142.668
142.787
142.906
143.025
143.145
143.264
143.383
143.502
143.621
143.811
144.001
144.191
144.381
144.571
144.761
144.951
145.141
145.331
145.452
145.573
145.646
145.718
145.764
145.809
145.855
145.9
145.946
145.991
146.037
146.082
146.128
146.173
146.219
146.265
146.31
146.356
146.401
146.447
146.522
146.597
146.673
146.748
146.823
146.899
146.974
147.049
147.125
147.241
147.358
147.475
147.591
147.708
147.825
147.941
148.058
148.235
148.412
148.588
148.765
148.942
149.118
149.295
149.472
149.649
149.757
149.866
149.974
150.083
150.191
150.3
150.342
150.385
150.427
150.469
150.512
150.554
150.597
150.639
150.681
150.724
150.766
150.809
150.851
150.893
150.936
150.978
151.021
151.063
151.105
151.148
151.19
151.233
151.275
151.317
151.36
151.402
151.445
151.487
151.53
151.572
151.614
151.657
151.699
151.742
151.784
151.809
151.833
151.858
151.882
151.907
151.944
151.98
152.017
152.054
152.091
152.128
152.165
152.201
152.238
152.275
152.312
152.349
152.386
152.422
152.459
152.496
152.533
152.57
152.63
152.689
152.749
152.809
152.869
152.928
152.988
153.048
153.108
153.199
153.29
153.382
153.473
153.564
153.655
153.747
153.838
153.929
154.02
154.112
154.252
154.393
154.534
154.752
154.971
155.19
155.408
155.915
156.422
156.93
157.437
157.944
158.451
158.958
159.465
159.972
160.479
160.986
161.493
162
162.507
163.014
163.521
164.028
164.535
165.043
165.55
166.369
167.189
168.008
168.828
169.647
170.467
171.286
172.106
172.925
173.745
175.021
176.297
177.572
178.848
180.124
181.4
182.676
183.951
185.227
186.503
187.779
189.055
190.33
192.295
194.26
196.225
198.189
200.154
202.119
204.084
206.048
208.013
209.978
211.942
213.907
215.872
217.837
219.801
221.766
223.731
225.696
227.66
229.625
231.59
233.555
235.519
237.484
239.449
242.427
245.406
248.384
253.614
258.844
264.074
269.305
274.535
279.765
284.995
290.225
295.455
300.685
305.915
311.146
316.376
321.606
326.836
332.066
337.296
342.526
347.756
352.986
358.217
363.447
368.677
373.907
379.137
384.367
389.597
394.827
400.058
405.288
410.518
415.748
420.978
426.208
431.438
436.668
441.898
447.129
452.359
457.589
462.819
468.049
473.279
478.509
483.739
488.97
494.2
499.43
504.66
509.89
515.12
520.35
525.58
530.81
536.041
541.271
546.501
551.731
556.961
562.191
567.421
572.651
577.882
583.112
591.014
603.056
609.102
615.149
629.717
644.285
662.542
680.798
693.834
706.87
719.906
747.092
774.279
788.319
802.359
826.149
843.494
860.84
878.185
953.728
1000
